{
  "nbformat": 4,
  "nbformat_minor": 0,
  "metadata": {
    "colab": {
      "provenance": []
    },
    "kernelspec": {
      "name": "python3",
      "display_name": "Python 3"
    },
    "language_info": {
      "name": "python"
    }
  },
  "cells": [
    {
      "cell_type": "code",
      "source": [
        "!pip install ucimlrepo"
      ],
      "metadata": {
        "colab": {
          "base_uri": "https://localhost:8080/"
        },
        "id": "wDm4rHitA7G8",
        "outputId": "ec1f7295-00af-4b05-d38d-37eb0ef7eb8d"
      },
      "execution_count": null,
      "outputs": [
        {
          "output_type": "stream",
          "name": "stdout",
          "text": [
            "Requirement already satisfied: ucimlrepo in /usr/local/lib/python3.12/dist-packages (0.0.7)\n",
            "Requirement already satisfied: pandas>=1.0.0 in /usr/local/lib/python3.12/dist-packages (from ucimlrepo) (2.2.2)\n",
            "Requirement already satisfied: certifi>=2020.12.5 in /usr/local/lib/python3.12/dist-packages (from ucimlrepo) (2025.11.12)\n",
            "Requirement already satisfied: numpy>=1.26.0 in /usr/local/lib/python3.12/dist-packages (from pandas>=1.0.0->ucimlrepo) (2.0.2)\n",
            "Requirement already satisfied: python-dateutil>=2.8.2 in /usr/local/lib/python3.12/dist-packages (from pandas>=1.0.0->ucimlrepo) (2.9.0.post0)\n",
            "Requirement already satisfied: pytz>=2020.1 in /usr/local/lib/python3.12/dist-packages (from pandas>=1.0.0->ucimlrepo) (2025.2)\n",
            "Requirement already satisfied: tzdata>=2022.7 in /usr/local/lib/python3.12/dist-packages (from pandas>=1.0.0->ucimlrepo) (2025.3)\n",
            "Requirement already satisfied: six>=1.5 in /usr/local/lib/python3.12/dist-packages (from python-dateutil>=2.8.2->pandas>=1.0.0->ucimlrepo) (1.17.0)\n"
          ]
        }
      ]
    },
    {
      "cell_type": "code",
      "source": [
        "import pandas as pd\n",
        "import pickle\n",
        "import seaborn as sns\n",
        "import numpy as np\n",
        "import warnings\n",
        "import xgboost as xgb\n",
        "import plotly.express as px\n",
        "\n",
        "from sklearn.compose import make_column_transformer\n",
        "from sklearn.preprocessing import OneHotEncoder, LabelEncoder, RobustScaler, MinMaxScaler\n",
        "from sklearn.model_selection import train_test_split, StratifiedKFold, KFold, cross_validate\n",
        "\n",
        "from imblearn.under_sampling import NearMiss\n",
        "from imblearn.under_sampling import RandomUnderSampler\n",
        "from imblearn.over_sampling import RandomOverSampler, SMOTE\n",
        "from imblearn.pipeline import Pipeline as imbpipeline\n",
        "\n",
        "from sklearn.dummy import DummyClassifier\n",
        "from sklearn.inspection import permutation_importance\n",
        "from sklearn.tree import DecisionTreeClassifier\n",
        "from sklearn.neighbors import KNeighborsClassifier\n",
        "from statsmodels.stats.outliers_influence import variance_inflation_factor\n",
        "from sklearn.ensemble import RandomForestClassifier\n",
        "from sklearn.svm import SVC\n",
        "from sklearn.metrics import accuracy_score, precision_score, recall_score, f1_score, classification_report, confusion_matrix, ConfusionMatrixDisplay\n",
        "import matplotlib.pyplot as plt\n",
        "from sklearn.model_selection import train_test_split\n",
        "from sklearn.metrics import accuracy_score\n",
        "from sklearn.metrics import confusion_matrix\n",
        "from sklearn.metrics import ConfusionMatrixDisplay\n",
        "from sklearn.linear_model import LogisticRegression\n",
        "from sklearn.metrics import classification_report, confusion_matrix, roc_auc_score\n",
        "from imblearn.over_sampling import SMOTE\n",
        "warnings.filterwarnings('ignore')\n",
        "\n",
        "import joblib\n",
        "import pickle"
      ],
      "metadata": {
        "id": "_8onKsKxA4-i"
      },
      "execution_count": null,
      "outputs": []
    },
    {
      "cell_type": "code",
      "source": [
        "dfIranian = pd.read_csv(\"https://archive.ics.uci.edu/static/public/563/data.csv\")\n",
        "\n",
        "dfEsp = dfIranian.rename(columns={\n",
        "    'Call  Failure': 'Fallos_Llamadas',\n",
        "    'Complains' : 'Quejas',\n",
        "    'Subscription  Length': 'Meses_permanencia',\n",
        "    'Charge  Amount': 'Cargo ',\n",
        "    'Seconds of Use': 'Total_segundos',\n",
        "    'Frequency of use': 'Total_llamadas',\n",
        "    'Frequency of SMS': 'Total_mensajes',\n",
        "    'Distinct Called Numbers': 'Llamadas_numeros_distintos',\n",
        "    'Age Group': 'Grupo_edades',\n",
        "    'Tariff Plan': 'Plan_tarifa',\n",
        "    'Status': 'Estado_clientes',\n",
        "    'Age': 'Edad',\n",
        "    'Customer Value': 'Valor_cliente',\n",
        "    'Churn': 'Abandono'})"
      ],
      "metadata": {
        "id": "gCKhi2S_BbxK"
      },
      "execution_count": null,
      "outputs": []
    },
    {
      "cell_type": "code",
      "source": [
        "corrMatrix = dfEsp.corr(numeric_only=True)\n",
        "dfFilt = pd.DataFrame(corrMatrix[['Abandono']])*100\n",
        "dfFilt"
      ],
      "metadata": {
        "colab": {
          "base_uri": "https://localhost:8080/",
          "height": 488
        },
        "id": "okqK8O_hEPi8",
        "outputId": "7a111137-f737-4c8f-860f-ba9191aea6ae"
      },
      "execution_count": null,
      "outputs": [
        {
          "output_type": "execute_result",
          "data": {
            "text/plain": [
              "                              Abandono\n",
              "Fallos_Llamadas              -0.898737\n",
              "Quejas                       53.205296\n",
              "Meses_permanencia            -3.258789\n",
              "Cargo                       -20.230536\n",
              "Total_segundos              -29.893454\n",
              "Total_llamadas              -30.333734\n",
              "Total_mensajes              -22.075364\n",
              "Llamadas_numeros_distintos  -27.886687\n",
              "Grupo_edades                 -1.455019\n",
              "Plan_tarifa                 -10.585294\n",
              "Estado_clientes              49.897561\n",
              "Edad                         -1.770484\n",
              "Valor_cliente               -28.914424\n",
              "Abandono                    100.000000"
            ],
            "text/html": [
              "\n",
              "  <div id=\"df-5f439da7-0bce-4894-aebf-7a787688d033\" class=\"colab-df-container\">\n",
              "    <div>\n",
              "<style scoped>\n",
              "    .dataframe tbody tr th:only-of-type {\n",
              "        vertical-align: middle;\n",
              "    }\n",
              "\n",
              "    .dataframe tbody tr th {\n",
              "        vertical-align: top;\n",
              "    }\n",
              "\n",
              "    .dataframe thead th {\n",
              "        text-align: right;\n",
              "    }\n",
              "</style>\n",
              "<table border=\"1\" class=\"dataframe\">\n",
              "  <thead>\n",
              "    <tr style=\"text-align: right;\">\n",
              "      <th></th>\n",
              "      <th>Abandono</th>\n",
              "    </tr>\n",
              "  </thead>\n",
              "  <tbody>\n",
              "    <tr>\n",
              "      <th>Fallos_Llamadas</th>\n",
              "      <td>-0.898737</td>\n",
              "    </tr>\n",
              "    <tr>\n",
              "      <th>Quejas</th>\n",
              "      <td>53.205296</td>\n",
              "    </tr>\n",
              "    <tr>\n",
              "      <th>Meses_permanencia</th>\n",
              "      <td>-3.258789</td>\n",
              "    </tr>\n",
              "    <tr>\n",
              "      <th>Cargo</th>\n",
              "      <td>-20.230536</td>\n",
              "    </tr>\n",
              "    <tr>\n",
              "      <th>Total_segundos</th>\n",
              "      <td>-29.893454</td>\n",
              "    </tr>\n",
              "    <tr>\n",
              "      <th>Total_llamadas</th>\n",
              "      <td>-30.333734</td>\n",
              "    </tr>\n",
              "    <tr>\n",
              "      <th>Total_mensajes</th>\n",
              "      <td>-22.075364</td>\n",
              "    </tr>\n",
              "    <tr>\n",
              "      <th>Llamadas_numeros_distintos</th>\n",
              "      <td>-27.886687</td>\n",
              "    </tr>\n",
              "    <tr>\n",
              "      <th>Grupo_edades</th>\n",
              "      <td>-1.455019</td>\n",
              "    </tr>\n",
              "    <tr>\n",
              "      <th>Plan_tarifa</th>\n",
              "      <td>-10.585294</td>\n",
              "    </tr>\n",
              "    <tr>\n",
              "      <th>Estado_clientes</th>\n",
              "      <td>49.897561</td>\n",
              "    </tr>\n",
              "    <tr>\n",
              "      <th>Edad</th>\n",
              "      <td>-1.770484</td>\n",
              "    </tr>\n",
              "    <tr>\n",
              "      <th>Valor_cliente</th>\n",
              "      <td>-28.914424</td>\n",
              "    </tr>\n",
              "    <tr>\n",
              "      <th>Abandono</th>\n",
              "      <td>100.000000</td>\n",
              "    </tr>\n",
              "  </tbody>\n",
              "</table>\n",
              "</div>\n",
              "    <div class=\"colab-df-buttons\">\n",
              "\n",
              "  <div class=\"colab-df-container\">\n",
              "    <button class=\"colab-df-convert\" onclick=\"convertToInteractive('df-5f439da7-0bce-4894-aebf-7a787688d033')\"\n",
              "            title=\"Convert this dataframe to an interactive table.\"\n",
              "            style=\"display:none;\">\n",
              "\n",
              "  <svg xmlns=\"http://www.w3.org/2000/svg\" height=\"24px\" viewBox=\"0 -960 960 960\">\n",
              "    <path d=\"M120-120v-720h720v720H120Zm60-500h600v-160H180v160Zm220 220h160v-160H400v160Zm0 220h160v-160H400v160ZM180-400h160v-160H180v160Zm440 0h160v-160H620v160ZM180-180h160v-160H180v160Zm440 0h160v-160H620v160Z\"/>\n",
              "  </svg>\n",
              "    </button>\n",
              "\n",
              "  <style>\n",
              "    .colab-df-container {\n",
              "      display:flex;\n",
              "      gap: 12px;\n",
              "    }\n",
              "\n",
              "    .colab-df-convert {\n",
              "      background-color: #E8F0FE;\n",
              "      border: none;\n",
              "      border-radius: 50%;\n",
              "      cursor: pointer;\n",
              "      display: none;\n",
              "      fill: #1967D2;\n",
              "      height: 32px;\n",
              "      padding: 0 0 0 0;\n",
              "      width: 32px;\n",
              "    }\n",
              "\n",
              "    .colab-df-convert:hover {\n",
              "      background-color: #E2EBFA;\n",
              "      box-shadow: 0px 1px 2px rgba(60, 64, 67, 0.3), 0px 1px 3px 1px rgba(60, 64, 67, 0.15);\n",
              "      fill: #174EA6;\n",
              "    }\n",
              "\n",
              "    .colab-df-buttons div {\n",
              "      margin-bottom: 4px;\n",
              "    }\n",
              "\n",
              "    [theme=dark] .colab-df-convert {\n",
              "      background-color: #3B4455;\n",
              "      fill: #D2E3FC;\n",
              "    }\n",
              "\n",
              "    [theme=dark] .colab-df-convert:hover {\n",
              "      background-color: #434B5C;\n",
              "      box-shadow: 0px 1px 3px 1px rgba(0, 0, 0, 0.15);\n",
              "      filter: drop-shadow(0px 1px 2px rgba(0, 0, 0, 0.3));\n",
              "      fill: #FFFFFF;\n",
              "    }\n",
              "  </style>\n",
              "\n",
              "    <script>\n",
              "      const buttonEl =\n",
              "        document.querySelector('#df-5f439da7-0bce-4894-aebf-7a787688d033 button.colab-df-convert');\n",
              "      buttonEl.style.display =\n",
              "        google.colab.kernel.accessAllowed ? 'block' : 'none';\n",
              "\n",
              "      async function convertToInteractive(key) {\n",
              "        const element = document.querySelector('#df-5f439da7-0bce-4894-aebf-7a787688d033');\n",
              "        const dataTable =\n",
              "          await google.colab.kernel.invokeFunction('convertToInteractive',\n",
              "                                                    [key], {});\n",
              "        if (!dataTable) return;\n",
              "\n",
              "        const docLinkHtml = 'Like what you see? Visit the ' +\n",
              "          '<a target=\"_blank\" href=https://colab.research.google.com/notebooks/data_table.ipynb>data table notebook</a>'\n",
              "          + ' to learn more about interactive tables.';\n",
              "        element.innerHTML = '';\n",
              "        dataTable['output_type'] = 'display_data';\n",
              "        await google.colab.output.renderOutput(dataTable, element);\n",
              "        const docLink = document.createElement('div');\n",
              "        docLink.innerHTML = docLinkHtml;\n",
              "        element.appendChild(docLink);\n",
              "      }\n",
              "    </script>\n",
              "  </div>\n",
              "\n",
              "\n",
              "    <div id=\"df-b21d3203-a8ec-4f03-9f7c-4f323ae52168\">\n",
              "      <button class=\"colab-df-quickchart\" onclick=\"quickchart('df-b21d3203-a8ec-4f03-9f7c-4f323ae52168')\"\n",
              "                title=\"Suggest charts\"\n",
              "                style=\"display:none;\">\n",
              "\n",
              "<svg xmlns=\"http://www.w3.org/2000/svg\" height=\"24px\"viewBox=\"0 0 24 24\"\n",
              "     width=\"24px\">\n",
              "    <g>\n",
              "        <path d=\"M19 3H5c-1.1 0-2 .9-2 2v14c0 1.1.9 2 2 2h14c1.1 0 2-.9 2-2V5c0-1.1-.9-2-2-2zM9 17H7v-7h2v7zm4 0h-2V7h2v10zm4 0h-2v-4h2v4z\"/>\n",
              "    </g>\n",
              "</svg>\n",
              "      </button>\n",
              "\n",
              "<style>\n",
              "  .colab-df-quickchart {\n",
              "      --bg-color: #E8F0FE;\n",
              "      --fill-color: #1967D2;\n",
              "      --hover-bg-color: #E2EBFA;\n",
              "      --hover-fill-color: #174EA6;\n",
              "      --disabled-fill-color: #AAA;\n",
              "      --disabled-bg-color: #DDD;\n",
              "  }\n",
              "\n",
              "  [theme=dark] .colab-df-quickchart {\n",
              "      --bg-color: #3B4455;\n",
              "      --fill-color: #D2E3FC;\n",
              "      --hover-bg-color: #434B5C;\n",
              "      --hover-fill-color: #FFFFFF;\n",
              "      --disabled-bg-color: #3B4455;\n",
              "      --disabled-fill-color: #666;\n",
              "  }\n",
              "\n",
              "  .colab-df-quickchart {\n",
              "    background-color: var(--bg-color);\n",
              "    border: none;\n",
              "    border-radius: 50%;\n",
              "    cursor: pointer;\n",
              "    display: none;\n",
              "    fill: var(--fill-color);\n",
              "    height: 32px;\n",
              "    padding: 0;\n",
              "    width: 32px;\n",
              "  }\n",
              "\n",
              "  .colab-df-quickchart:hover {\n",
              "    background-color: var(--hover-bg-color);\n",
              "    box-shadow: 0 1px 2px rgba(60, 64, 67, 0.3), 0 1px 3px 1px rgba(60, 64, 67, 0.15);\n",
              "    fill: var(--button-hover-fill-color);\n",
              "  }\n",
              "\n",
              "  .colab-df-quickchart-complete:disabled,\n",
              "  .colab-df-quickchart-complete:disabled:hover {\n",
              "    background-color: var(--disabled-bg-color);\n",
              "    fill: var(--disabled-fill-color);\n",
              "    box-shadow: none;\n",
              "  }\n",
              "\n",
              "  .colab-df-spinner {\n",
              "    border: 2px solid var(--fill-color);\n",
              "    border-color: transparent;\n",
              "    border-bottom-color: var(--fill-color);\n",
              "    animation:\n",
              "      spin 1s steps(1) infinite;\n",
              "  }\n",
              "\n",
              "  @keyframes spin {\n",
              "    0% {\n",
              "      border-color: transparent;\n",
              "      border-bottom-color: var(--fill-color);\n",
              "      border-left-color: var(--fill-color);\n",
              "    }\n",
              "    20% {\n",
              "      border-color: transparent;\n",
              "      border-left-color: var(--fill-color);\n",
              "      border-top-color: var(--fill-color);\n",
              "    }\n",
              "    30% {\n",
              "      border-color: transparent;\n",
              "      border-left-color: var(--fill-color);\n",
              "      border-top-color: var(--fill-color);\n",
              "      border-right-color: var(--fill-color);\n",
              "    }\n",
              "    40% {\n",
              "      border-color: transparent;\n",
              "      border-right-color: var(--fill-color);\n",
              "      border-top-color: var(--fill-color);\n",
              "    }\n",
              "    60% {\n",
              "      border-color: transparent;\n",
              "      border-right-color: var(--fill-color);\n",
              "    }\n",
              "    80% {\n",
              "      border-color: transparent;\n",
              "      border-right-color: var(--fill-color);\n",
              "      border-bottom-color: var(--fill-color);\n",
              "    }\n",
              "    90% {\n",
              "      border-color: transparent;\n",
              "      border-bottom-color: var(--fill-color);\n",
              "    }\n",
              "  }\n",
              "</style>\n",
              "\n",
              "      <script>\n",
              "        async function quickchart(key) {\n",
              "          const quickchartButtonEl =\n",
              "            document.querySelector('#' + key + ' button');\n",
              "          quickchartButtonEl.disabled = true;  // To prevent multiple clicks.\n",
              "          quickchartButtonEl.classList.add('colab-df-spinner');\n",
              "          try {\n",
              "            const charts = await google.colab.kernel.invokeFunction(\n",
              "                'suggestCharts', [key], {});\n",
              "          } catch (error) {\n",
              "            console.error('Error during call to suggestCharts:', error);\n",
              "          }\n",
              "          quickchartButtonEl.classList.remove('colab-df-spinner');\n",
              "          quickchartButtonEl.classList.add('colab-df-quickchart-complete');\n",
              "        }\n",
              "        (() => {\n",
              "          let quickchartButtonEl =\n",
              "            document.querySelector('#df-b21d3203-a8ec-4f03-9f7c-4f323ae52168 button');\n",
              "          quickchartButtonEl.style.display =\n",
              "            google.colab.kernel.accessAllowed ? 'block' : 'none';\n",
              "        })();\n",
              "      </script>\n",
              "    </div>\n",
              "\n",
              "  <div id=\"id_fee7a2c2-4178-4e74-866e-2f83b5206f82\">\n",
              "    <style>\n",
              "      .colab-df-generate {\n",
              "        background-color: #E8F0FE;\n",
              "        border: none;\n",
              "        border-radius: 50%;\n",
              "        cursor: pointer;\n",
              "        display: none;\n",
              "        fill: #1967D2;\n",
              "        height: 32px;\n",
              "        padding: 0 0 0 0;\n",
              "        width: 32px;\n",
              "      }\n",
              "\n",
              "      .colab-df-generate:hover {\n",
              "        background-color: #E2EBFA;\n",
              "        box-shadow: 0px 1px 2px rgba(60, 64, 67, 0.3), 0px 1px 3px 1px rgba(60, 64, 67, 0.15);\n",
              "        fill: #174EA6;\n",
              "      }\n",
              "\n",
              "      [theme=dark] .colab-df-generate {\n",
              "        background-color: #3B4455;\n",
              "        fill: #D2E3FC;\n",
              "      }\n",
              "\n",
              "      [theme=dark] .colab-df-generate:hover {\n",
              "        background-color: #434B5C;\n",
              "        box-shadow: 0px 1px 3px 1px rgba(0, 0, 0, 0.15);\n",
              "        filter: drop-shadow(0px 1px 2px rgba(0, 0, 0, 0.3));\n",
              "        fill: #FFFFFF;\n",
              "      }\n",
              "    </style>\n",
              "    <button class=\"colab-df-generate\" onclick=\"generateWithVariable('dfFilt')\"\n",
              "            title=\"Generate code using this dataframe.\"\n",
              "            style=\"display:none;\">\n",
              "\n",
              "  <svg xmlns=\"http://www.w3.org/2000/svg\" height=\"24px\"viewBox=\"0 0 24 24\"\n",
              "       width=\"24px\">\n",
              "    <path d=\"M7,19H8.4L18.45,9,17,7.55,7,17.6ZM5,21V16.75L18.45,3.32a2,2,0,0,1,2.83,0l1.4,1.43a1.91,1.91,0,0,1,.58,1.4,1.91,1.91,0,0,1-.58,1.4L9.25,21ZM18.45,9,17,7.55Zm-12,3A5.31,5.31,0,0,0,4.9,8.1,5.31,5.31,0,0,0,1,6.5,5.31,5.31,0,0,0,4.9,4.9,5.31,5.31,0,0,0,6.5,1,5.31,5.31,0,0,0,8.1,4.9,5.31,5.31,0,0,0,12,6.5,5.46,5.46,0,0,0,6.5,12Z\"/>\n",
              "  </svg>\n",
              "    </button>\n",
              "    <script>\n",
              "      (() => {\n",
              "      const buttonEl =\n",
              "        document.querySelector('#id_fee7a2c2-4178-4e74-866e-2f83b5206f82 button.colab-df-generate');\n",
              "      buttonEl.style.display =\n",
              "        google.colab.kernel.accessAllowed ? 'block' : 'none';\n",
              "\n",
              "      buttonEl.onclick = () => {\n",
              "        google.colab.notebook.generateWithVariable('dfFilt');\n",
              "      }\n",
              "      })();\n",
              "    </script>\n",
              "  </div>\n",
              "\n",
              "    </div>\n",
              "  </div>\n"
            ],
            "application/vnd.google.colaboratory.intrinsic+json": {
              "type": "dataframe",
              "variable_name": "dfFilt",
              "summary": "{\n  \"name\": \"dfFilt\",\n  \"rows\": 14,\n  \"fields\": [\n    {\n      \"column\": \"Abandono\",\n      \"properties\": {\n        \"dtype\": \"number\",\n        \"std\": 38.95343606250654,\n        \"min\": -30.333734265853877,\n        \"max\": 100.0,\n        \"num_unique_values\": 14,\n        \"samples\": [\n          -10.585294420777103,\n          -1.7704844991271593,\n          -0.8987368410099487\n        ],\n        \"semantic_type\": \"\",\n        \"description\": \"\"\n      }\n    }\n  ]\n}"
            }
          },
          "metadata": {},
          "execution_count": 51
        }
      ]
    },
    {
      "cell_type": "code",
      "source": [
        "vl = 35\n",
        "df2 = (dfFilt[(dfFilt['Abandono'] < vl) & (dfFilt['Abandono'] > -vl) & (dfFilt['Abandono']!=-1) & (dfFilt['Abandono']!=1)]).T\n",
        "colFilt = df2.columns.tolist()\n",
        "dfEnt = dfEsp[['Abandono']+colFilt]"
      ],
      "metadata": {
        "id": "uPfsB_a7EYV-"
      },
      "execution_count": null,
      "outputs": []
    },
    {
      "cell_type": "code",
      "source": [
        "dfEnt.columns"
      ],
      "metadata": {
        "colab": {
          "base_uri": "https://localhost:8080/"
        },
        "id": "CmZvXjFQF3y1",
        "outputId": "c345a10a-f1d2-41e1-a1a9-694b4d2f121d"
      },
      "execution_count": null,
      "outputs": [
        {
          "output_type": "execute_result",
          "data": {
            "text/plain": [
              "Index(['Abandono', 'Fallos_Llamadas', 'Meses_permanencia', 'Cargo ',\n",
              "       'Total_segundos', 'Total_llamadas', 'Total_mensajes',\n",
              "       'Llamadas_numeros_distintos', 'Grupo_edades', 'Plan_tarifa', 'Edad',\n",
              "       'Valor_cliente'],\n",
              "      dtype='object')"
            ]
          },
          "metadata": {},
          "execution_count": 32
        }
      ]
    },
    {
      "cell_type": "code",
      "source": [
        "# Calcular la matriz de correlación completa (sin filtrar)\n",
        "corrMatrix = dfEnt.corr(numeric_only=True)\n",
        "\n",
        "# Crear el heatmap con todas las correlaciones\n",
        "fig = px.imshow(\n",
        "    corrMatrix,  # <-- Usar la matriz completa\n",
        "    text_auto=True,  # Muestra los valores numéricos\n",
        "    color_continuous_scale='RdBu',  # Escala de colores (rojo=negativo, azul=positivo)\n",
        "    zmin=-1,  # Rango mínimo de correlación\n",
        "    zmax=1,   # Rango máximo de correlación\n",
        "    title='Matriz de Correlación'\n",
        ")\n",
        "\n",
        "# Ajustes de diseño\n",
        "fig.update_layout(\n",
        "    width=800,  # Ancho del gráfico\n",
        "    height=800,  # Alto del gráfico (puedes ajustarlo)\n",
        "    xaxis_title='Variables',\n",
        "    yaxis_title='Variables',\n",
        "    xaxis=dict(tickangle=90)  # Rotar etiquetas del eje X para mejor legibilidad\n",
        ")\n",
        "\n",
        "fig.show()"
      ],
      "metadata": {
        "colab": {
          "base_uri": "https://localhost:8080/",
          "height": 837
        },
        "id": "U63lKu7qEffp",
        "outputId": "c42e5337-0687-4b45-ac86-064fe87e3da6"
      },
      "execution_count": null,
      "outputs": [
        {
          "output_type": "display_data",
          "data": {
            "text/html": [
              "<html>\n",
              "<head><meta charset=\"utf-8\" /></head>\n",
              "<body>\n",
              "    <div>            <script src=\"https://cdnjs.cloudflare.com/ajax/libs/mathjax/2.7.5/MathJax.js?config=TeX-AMS-MML_SVG\"></script><script type=\"text/javascript\">if (window.MathJax && window.MathJax.Hub && window.MathJax.Hub.Config) {window.MathJax.Hub.Config({SVG: {font: \"STIX-Web\"}});}</script>                <script type=\"text/javascript\">window.PlotlyConfig = {MathJaxConfig: 'local'};</script>\n",
              "        <script charset=\"utf-8\" src=\"https://cdn.plot.ly/plotly-2.35.2.min.js\"></script>                <div id=\"8db9e28e-ddb5-4c76-8a20-d4174986b328\" class=\"plotly-graph-div\" style=\"height:800px; width:800px;\"></div>            <script type=\"text/javascript\">                                    window.PLOTLYENV=window.PLOTLYENV || {};                                    if (document.getElementById(\"8db9e28e-ddb5-4c76-8a20-d4174986b328\")) {                    Plotly.newPlot(                        \"8db9e28e-ddb5-4c76-8a20-d4174986b328\",                        [{\"coloraxis\":\"coloraxis\",\"name\":\"0\",\"texttemplate\":\"%{z}\",\"x\":[\"Abandono\",\"Fallos_Llamadas\",\"Meses_permanencia\",\"Cargo \",\"Total_segundos\",\"Total_llamadas\",\"Total_mensajes\",\"Llamadas_numeros_distintos\",\"Grupo_edades\",\"Plan_tarifa\",\"Edad\",\"Valor_cliente\"],\"y\":[\"Abandono\",\"Fallos_Llamadas\",\"Meses_permanencia\",\"Cargo \",\"Total_segundos\",\"Total_llamadas\",\"Total_mensajes\",\"Llamadas_numeros_distintos\",\"Grupo_edades\",\"Plan_tarifa\",\"Edad\",\"Valor_cliente\"],\"z\":[[1.0,-0.008987368410099488,-0.032587893828474615,-0.20230536335972502,-0.2989345443823908,-0.30333734265853873,-0.22075364010011675,-0.27886686733749233,-0.01455019199236322,-0.10585294420777103,-0.017704844991271586,-0.28914423834228486],[-0.008987368410099488,1.0,0.1697372744699281,0.5890280071544302,0.5016065883394938,0.5733493631241342,-0.02228238422747066,0.5040577394760917,0.05040629415809439,0.19228547423522946,0.041757649344159854,0.12122547807813197],[-0.032587893828474615,0.1697372744699281,1.0,0.0787893495024629,0.12461762878509708,0.10653393512221586,0.07631776803291405,0.09200896893833371,0.021453353921376504,-0.1596797454563772,-0.002429695801197507,0.10956475601133772],[-0.20230536335972502,0.5890280071544302,0.0787893495024629,1.0,0.44673835199285183,0.37909588592652294,0.09153335623702646,0.41519790265461326,0.2796788355037888,0.324232413389024,0.27895523241834075,0.16942770681800293],[-0.2989345443823908,0.5016065883394938,0.12461762878509708,0.44673835199285183,1.0,0.9464892281674117,0.10212318512931344,0.6765363049395255,0.020060375111415188,0.13359295916941993,0.020842866803369102,0.4150872449805451],[-0.30333734265853873,0.5733493631241342,0.10653393512221586,0.37909588592652294,0.9464892281674117,1.0,0.10001920827357448,0.7361135333603923,-0.03254385983464262,0.2064522756071083,-0.028349813797265706,0.4015724637117215],[-0.22075364010011675,-0.02228238422747066,0.07631776803291405,0.09153335623702646,0.10212318512931344,0.10001920827357448,1.0,0.07965043603719274,-0.05371863441521486,0.19568595960868643,-0.09279845943661386,0.9248774260038474],[-0.27886686733749233,0.5040577394760917,0.09200896893833371,0.41519790265461326,0.6765363049395255,0.7361135333603923,0.07965043603719274,1.0,0.020941327834085144,0.17207926741113821,0.05103717697465055,0.2848074264548181],[-0.01455019199236322,0.05040629415809439,0.021453353921376504,0.2796788355037888,0.020060375111415188,-0.03254385983464262,-0.05371863441521486,0.020941327834085144,1.0,-0.15059333013252177,0.960757627049961,-0.18348115824153788],[-0.10585294420777103,0.19228547423522946,-0.1596797454563772,0.324232413389024,0.13359295916941993,0.2064522756071083,0.19568595960868643,0.17207926741113821,-0.15059333013252177,1.0,-0.11942588088796853,0.25229770515657024],[-0.017704844991271586,0.041757649344159854,-0.002429695801197507,0.27895523241834075,0.020842866803369102,-0.028349813797265706,-0.09279845943661386,0.05103717697465055,0.960757627049961,-0.11942588088796853,1.0,-0.22036171179913033],[-0.28914423834228486,0.12122547807813197,0.10956475601133772,0.16942770681800293,0.4150872449805451,0.4015724637117215,0.9248774260038474,0.2848074264548181,-0.18348115824153788,0.25229770515657024,-0.22036171179913033,1.0]],\"type\":\"heatmap\",\"xaxis\":\"x\",\"yaxis\":\"y\",\"hovertemplate\":\"x: %{x}\\u003cbr\\u003ey: %{y}\\u003cbr\\u003ecolor: %{z}\\u003cextra\\u003e\\u003c\\u002fextra\\u003e\"}],                        {\"template\":{\"data\":{\"histogram2dcontour\":[{\"type\":\"histogram2dcontour\",\"colorbar\":{\"outlinewidth\":0,\"ticks\":\"\"},\"colorscale\":[[0.0,\"#0d0887\"],[0.1111111111111111,\"#46039f\"],[0.2222222222222222,\"#7201a8\"],[0.3333333333333333,\"#9c179e\"],[0.4444444444444444,\"#bd3786\"],[0.5555555555555556,\"#d8576b\"],[0.6666666666666666,\"#ed7953\"],[0.7777777777777778,\"#fb9f3a\"],[0.8888888888888888,\"#fdca26\"],[1.0,\"#f0f921\"]]}],\"choropleth\":[{\"type\":\"choropleth\",\"colorbar\":{\"outlinewidth\":0,\"ticks\":\"\"}}],\"histogram2d\":[{\"type\":\"histogram2d\",\"colorbar\":{\"outlinewidth\":0,\"ticks\":\"\"},\"colorscale\":[[0.0,\"#0d0887\"],[0.1111111111111111,\"#46039f\"],[0.2222222222222222,\"#7201a8\"],[0.3333333333333333,\"#9c179e\"],[0.4444444444444444,\"#bd3786\"],[0.5555555555555556,\"#d8576b\"],[0.6666666666666666,\"#ed7953\"],[0.7777777777777778,\"#fb9f3a\"],[0.8888888888888888,\"#fdca26\"],[1.0,\"#f0f921\"]]}],\"heatmap\":[{\"type\":\"heatmap\",\"colorbar\":{\"outlinewidth\":0,\"ticks\":\"\"},\"colorscale\":[[0.0,\"#0d0887\"],[0.1111111111111111,\"#46039f\"],[0.2222222222222222,\"#7201a8\"],[0.3333333333333333,\"#9c179e\"],[0.4444444444444444,\"#bd3786\"],[0.5555555555555556,\"#d8576b\"],[0.6666666666666666,\"#ed7953\"],[0.7777777777777778,\"#fb9f3a\"],[0.8888888888888888,\"#fdca26\"],[1.0,\"#f0f921\"]]}],\"heatmapgl\":[{\"type\":\"heatmapgl\",\"colorbar\":{\"outlinewidth\":0,\"ticks\":\"\"},\"colorscale\":[[0.0,\"#0d0887\"],[0.1111111111111111,\"#46039f\"],[0.2222222222222222,\"#7201a8\"],[0.3333333333333333,\"#9c179e\"],[0.4444444444444444,\"#bd3786\"],[0.5555555555555556,\"#d8576b\"],[0.6666666666666666,\"#ed7953\"],[0.7777777777777778,\"#fb9f3a\"],[0.8888888888888888,\"#fdca26\"],[1.0,\"#f0f921\"]]}],\"contourcarpet\":[{\"type\":\"contourcarpet\",\"colorbar\":{\"outlinewidth\":0,\"ticks\":\"\"}}],\"contour\":[{\"type\":\"contour\",\"colorbar\":{\"outlinewidth\":0,\"ticks\":\"\"},\"colorscale\":[[0.0,\"#0d0887\"],[0.1111111111111111,\"#46039f\"],[0.2222222222222222,\"#7201a8\"],[0.3333333333333333,\"#9c179e\"],[0.4444444444444444,\"#bd3786\"],[0.5555555555555556,\"#d8576b\"],[0.6666666666666666,\"#ed7953\"],[0.7777777777777778,\"#fb9f3a\"],[0.8888888888888888,\"#fdca26\"],[1.0,\"#f0f921\"]]}],\"surface\":[{\"type\":\"surface\",\"colorbar\":{\"outlinewidth\":0,\"ticks\":\"\"},\"colorscale\":[[0.0,\"#0d0887\"],[0.1111111111111111,\"#46039f\"],[0.2222222222222222,\"#7201a8\"],[0.3333333333333333,\"#9c179e\"],[0.4444444444444444,\"#bd3786\"],[0.5555555555555556,\"#d8576b\"],[0.6666666666666666,\"#ed7953\"],[0.7777777777777778,\"#fb9f3a\"],[0.8888888888888888,\"#fdca26\"],[1.0,\"#f0f921\"]]}],\"mesh3d\":[{\"type\":\"mesh3d\",\"colorbar\":{\"outlinewidth\":0,\"ticks\":\"\"}}],\"scatter\":[{\"fillpattern\":{\"fillmode\":\"overlay\",\"size\":10,\"solidity\":0.2},\"type\":\"scatter\"}],\"parcoords\":[{\"type\":\"parcoords\",\"line\":{\"colorbar\":{\"outlinewidth\":0,\"ticks\":\"\"}}}],\"scatterpolargl\":[{\"type\":\"scatterpolargl\",\"marker\":{\"colorbar\":{\"outlinewidth\":0,\"ticks\":\"\"}}}],\"bar\":[{\"error_x\":{\"color\":\"#2a3f5f\"},\"error_y\":{\"color\":\"#2a3f5f\"},\"marker\":{\"line\":{\"color\":\"#E5ECF6\",\"width\":0.5},\"pattern\":{\"fillmode\":\"overlay\",\"size\":10,\"solidity\":0.2}},\"type\":\"bar\"}],\"scattergeo\":[{\"type\":\"scattergeo\",\"marker\":{\"colorbar\":{\"outlinewidth\":0,\"ticks\":\"\"}}}],\"scatterpolar\":[{\"type\":\"scatterpolar\",\"marker\":{\"colorbar\":{\"outlinewidth\":0,\"ticks\":\"\"}}}],\"histogram\":[{\"marker\":{\"pattern\":{\"fillmode\":\"overlay\",\"size\":10,\"solidity\":0.2}},\"type\":\"histogram\"}],\"scattergl\":[{\"type\":\"scattergl\",\"marker\":{\"colorbar\":{\"outlinewidth\":0,\"ticks\":\"\"}}}],\"scatter3d\":[{\"type\":\"scatter3d\",\"line\":{\"colorbar\":{\"outlinewidth\":0,\"ticks\":\"\"}},\"marker\":{\"colorbar\":{\"outlinewidth\":0,\"ticks\":\"\"}}}],\"scattermapbox\":[{\"type\":\"scattermapbox\",\"marker\":{\"colorbar\":{\"outlinewidth\":0,\"ticks\":\"\"}}}],\"scatterternary\":[{\"type\":\"scatterternary\",\"marker\":{\"colorbar\":{\"outlinewidth\":0,\"ticks\":\"\"}}}],\"scattercarpet\":[{\"type\":\"scattercarpet\",\"marker\":{\"colorbar\":{\"outlinewidth\":0,\"ticks\":\"\"}}}],\"carpet\":[{\"aaxis\":{\"endlinecolor\":\"#2a3f5f\",\"gridcolor\":\"white\",\"linecolor\":\"white\",\"minorgridcolor\":\"white\",\"startlinecolor\":\"#2a3f5f\"},\"baxis\":{\"endlinecolor\":\"#2a3f5f\",\"gridcolor\":\"white\",\"linecolor\":\"white\",\"minorgridcolor\":\"white\",\"startlinecolor\":\"#2a3f5f\"},\"type\":\"carpet\"}],\"table\":[{\"cells\":{\"fill\":{\"color\":\"#EBF0F8\"},\"line\":{\"color\":\"white\"}},\"header\":{\"fill\":{\"color\":\"#C8D4E3\"},\"line\":{\"color\":\"white\"}},\"type\":\"table\"}],\"barpolar\":[{\"marker\":{\"line\":{\"color\":\"#E5ECF6\",\"width\":0.5},\"pattern\":{\"fillmode\":\"overlay\",\"size\":10,\"solidity\":0.2}},\"type\":\"barpolar\"}],\"pie\":[{\"automargin\":true,\"type\":\"pie\"}]},\"layout\":{\"autotypenumbers\":\"strict\",\"colorway\":[\"#636efa\",\"#EF553B\",\"#00cc96\",\"#ab63fa\",\"#FFA15A\",\"#19d3f3\",\"#FF6692\",\"#B6E880\",\"#FF97FF\",\"#FECB52\"],\"font\":{\"color\":\"#2a3f5f\"},\"hovermode\":\"closest\",\"hoverlabel\":{\"align\":\"left\"},\"paper_bgcolor\":\"white\",\"plot_bgcolor\":\"#E5ECF6\",\"polar\":{\"bgcolor\":\"#E5ECF6\",\"angularaxis\":{\"gridcolor\":\"white\",\"linecolor\":\"white\",\"ticks\":\"\"},\"radialaxis\":{\"gridcolor\":\"white\",\"linecolor\":\"white\",\"ticks\":\"\"}},\"ternary\":{\"bgcolor\":\"#E5ECF6\",\"aaxis\":{\"gridcolor\":\"white\",\"linecolor\":\"white\",\"ticks\":\"\"},\"baxis\":{\"gridcolor\":\"white\",\"linecolor\":\"white\",\"ticks\":\"\"},\"caxis\":{\"gridcolor\":\"white\",\"linecolor\":\"white\",\"ticks\":\"\"}},\"coloraxis\":{\"colorbar\":{\"outlinewidth\":0,\"ticks\":\"\"}},\"colorscale\":{\"sequential\":[[0.0,\"#0d0887\"],[0.1111111111111111,\"#46039f\"],[0.2222222222222222,\"#7201a8\"],[0.3333333333333333,\"#9c179e\"],[0.4444444444444444,\"#bd3786\"],[0.5555555555555556,\"#d8576b\"],[0.6666666666666666,\"#ed7953\"],[0.7777777777777778,\"#fb9f3a\"],[0.8888888888888888,\"#fdca26\"],[1.0,\"#f0f921\"]],\"sequentialminus\":[[0.0,\"#0d0887\"],[0.1111111111111111,\"#46039f\"],[0.2222222222222222,\"#7201a8\"],[0.3333333333333333,\"#9c179e\"],[0.4444444444444444,\"#bd3786\"],[0.5555555555555556,\"#d8576b\"],[0.6666666666666666,\"#ed7953\"],[0.7777777777777778,\"#fb9f3a\"],[0.8888888888888888,\"#fdca26\"],[1.0,\"#f0f921\"]],\"diverging\":[[0,\"#8e0152\"],[0.1,\"#c51b7d\"],[0.2,\"#de77ae\"],[0.3,\"#f1b6da\"],[0.4,\"#fde0ef\"],[0.5,\"#f7f7f7\"],[0.6,\"#e6f5d0\"],[0.7,\"#b8e186\"],[0.8,\"#7fbc41\"],[0.9,\"#4d9221\"],[1,\"#276419\"]]},\"xaxis\":{\"gridcolor\":\"white\",\"linecolor\":\"white\",\"ticks\":\"\",\"title\":{\"standoff\":15},\"zerolinecolor\":\"white\",\"automargin\":true,\"zerolinewidth\":2},\"yaxis\":{\"gridcolor\":\"white\",\"linecolor\":\"white\",\"ticks\":\"\",\"title\":{\"standoff\":15},\"zerolinecolor\":\"white\",\"automargin\":true,\"zerolinewidth\":2},\"scene\":{\"xaxis\":{\"backgroundcolor\":\"#E5ECF6\",\"gridcolor\":\"white\",\"linecolor\":\"white\",\"showbackground\":true,\"ticks\":\"\",\"zerolinecolor\":\"white\",\"gridwidth\":2},\"yaxis\":{\"backgroundcolor\":\"#E5ECF6\",\"gridcolor\":\"white\",\"linecolor\":\"white\",\"showbackground\":true,\"ticks\":\"\",\"zerolinecolor\":\"white\",\"gridwidth\":2},\"zaxis\":{\"backgroundcolor\":\"#E5ECF6\",\"gridcolor\":\"white\",\"linecolor\":\"white\",\"showbackground\":true,\"ticks\":\"\",\"zerolinecolor\":\"white\",\"gridwidth\":2}},\"shapedefaults\":{\"line\":{\"color\":\"#2a3f5f\"}},\"annotationdefaults\":{\"arrowcolor\":\"#2a3f5f\",\"arrowhead\":0,\"arrowwidth\":1},\"geo\":{\"bgcolor\":\"white\",\"landcolor\":\"#E5ECF6\",\"subunitcolor\":\"white\",\"showland\":true,\"showlakes\":true,\"lakecolor\":\"white\"},\"title\":{\"x\":0.05},\"mapbox\":{\"style\":\"light\"}}},\"xaxis\":{\"anchor\":\"y\",\"domain\":[0.0,1.0],\"scaleanchor\":\"y\",\"constrain\":\"domain\",\"title\":{\"text\":\"Variables\"},\"tickangle\":90},\"yaxis\":{\"anchor\":\"x\",\"domain\":[0.0,1.0],\"autorange\":\"reversed\",\"constrain\":\"domain\",\"title\":{\"text\":\"Variables\"}},\"coloraxis\":{\"colorscale\":[[0.0,\"rgb(103,0,31)\"],[0.1,\"rgb(178,24,43)\"],[0.2,\"rgb(214,96,77)\"],[0.3,\"rgb(244,165,130)\"],[0.4,\"rgb(253,219,199)\"],[0.5,\"rgb(247,247,247)\"],[0.6,\"rgb(209,229,240)\"],[0.7,\"rgb(146,197,222)\"],[0.8,\"rgb(67,147,195)\"],[0.9,\"rgb(33,102,172)\"],[1.0,\"rgb(5,48,97)\"]],\"cmin\":-1,\"cmax\":1},\"title\":{\"text\":\"Matriz de Correlación\"},\"width\":800,\"height\":800},                        {\"responsive\": true}                    ).then(function(){\n",
